242.000000 23.200000 25.400000 30.000000 38.400000 13.400000
290.000000 24.000000 26.300000 31.200000 40.000000 13.800000
340.000000 23.900000 26.500000 31.100000 39.800000 15.100000
363.000000 26.300000 29.000000 33.500000 38.000000 13.300000
430.000000 26.500000 29.000000 34.000000 36.600000 15.100000
450.000000 26.800000 29.700000 34.700000 39.200000 14.200000
500.000000 26.800000 29.700000 34.500000 41.100000 15.300000
390.000000 27.600000 30.000000 35.000000 36.200000 13.400000
450.000000 27.600000 30.000000 35.100000 39.900000 13.800000
500.000000 28.500000 30.700000 36.200000 39.300000 13.700000
475.000000 28.400000 31.000000 36.200000 39.400000 14.100000
500.000000 28.700000 31.000000 36.200000 39.700000 13.300000
500.000000 29.100000 31.500000 36.400000 37.800000 12.000000
600.000000 29.400000 32.000000 37.200000 40.200000 13.900000
600.000000 29.400000 32.000000 37.200000 41.500000 15.000000
700.000000 30.400000 33.000000 38.300000 38.800000 13.800000
700.000000 30.400000 33.000000 38.500000 38.800000 13.500000
610.000000 30.900000 33.500000 38.600000 40.500000 13.300000
650.000000 31.000000 33.500000 38.700000 37.400000 14.800000
575.000000 31.300000 34.000000 39.500000 38.300000 14.100000
685.000000 31.400000 34.000000 39.200000 40.800000 13.700000
620.000000 31.500000 34.500000 39.700000 39.100000 13.300000
680.000000 31.800000 35.000000 40.600000 38.100000 15.100000
700.000000 31.900000 35.000000 40.500000 40.100000 13.800000
725.000000 31.800000 35.000000 40.900000 40.000000 14.800000
720.000000 32.000000 35.000000 40.600000 40.300000 15.000000
714.000000 32.700000 36.000000 41.500000 39.800000 14.100000
850.000000 32.800000 36.000000 41.600000 40.600000 14.900000
1000.000000 33.500000 37.000000 42.600000 44.500000 15.500000
920.000000 35.000000 38.500000 44.100000 40.900000 14.300000
955.000000 35.000000 38.500000 44.000000 41.100000 14.300000
925.000000 36.200000 39.500000 45.300000 41.400000 14.900000
975.000000 37.400000 41.000000 45.900000 40.600000 14.700000
950.000000 38.000000 41.000000 46.500000 37.900000 13.700000
40.000000 12.900000 14.100000 16.200000 25.600000 14.000000
69.000000 16.500000 18.200000 20.300000 26.100000 13.900000
78.000000 17.500000 18.800000 21.200000 26.300000 13.700000
87.000000 18.200000 19.800000 22.200000 25.300000 14.300000
120.000000 18.600000 20.000000 22.200000 28.000000 16.100000
0.000000 19.000000 20.500000 22.800000 28.400000 14.700000
110.000000 19.100000 20.800000 23.100000 26.700000 14.700000
120.000000 19.400000 21.000000 23.700000 25.800000 13.900000
150.000000 20.400000 22.000000 24.700000 23.500000 15.200000
145.000000 20.500000 22.000000 24.300000 27.300000 14.600000
160.000000 20.500000 22.500000 25.300000 27.800000 15.100000
140.000000 21.000000 22.500000 25.000000 26.200000 13.300000
160.000000 21.100000 22.500000 25.000000 25.600000 15.200000
169.000000 22.000000 24.000000 27.200000 27.700000 14.100000
161.000000 22.000000 23.400000 26.700000 25.900000 13.600000
200.000000 22.100000 23.500000 26.800000 27.600000 15.400000
180.000000 23.600000 25.200000 27.900000 25.400000 14.000000
290.000000 24.000000 26.000000 29.200000 30.400000 15.400000
272.000000 25.000000 27.000000 30.600000 28.000000 15.600000
390.000000 29.500000 31.700000 35.000000 27.100000 15.300000
6.700000 9.300000 9.800000 10.800000 16.100000 9.700000
7.500000 10.000000 10.500000 11.600000 17.000000 10.000000
7.000000 10.100000 10.600000 11.600000 14.900000 9.900000
9.700000 10.400000 11.000000 12.000000 18.300000 11.500000
9.800000 10.700000 11.200000 12.400000 16.800000 10.300000
8.700000 10.800000 11.300000 12.600000 15.700000 10.200000
10.000000 11.300000 11.800000 13.100000 16.900000 9.800000
9.900000 11.300000 11.800000 13.100000 16.900000 8.900000
9.800000 11.400000 12.000000 13.200000 16.700000 8.700000
12.200000 11.500000 12.200000 13.400000 15.600000 10.400000
13.400000 11.700000 12.400000 13.500000 18.000000 9.400000
12.200000 12.100000 13.000000 13.800000 16.500000 9.100000
19.700000 13.200000 14.300000 15.200000 18.900000 13.600000
19.900000 13.800000 15.000000 16.200000 18.100000 11.600000
200.000000 30.000000 32.300000 34.800000 16.000000 9.700000
300.000000 31.700000 34.000000 37.800000 15.100000 11.000000
300.000000 32.700000 35.000000 38.800000 15.300000 11.300000
300.000000 34.800000 37.300000 39.800000 15.800000 10.100000
430.000000 35.500000 38.000000 40.500000 18.000000 11.300000
345.000000 36.000000 38.500000 41.000000 15.600000 9.700000
456.000000 40.000000 42.500000 45.500000 16.000000 9.500000
510.000000 40.000000 42.500000 45.500000 15.000000 9.800000
540.000000 40.100000 43.000000 45.800000 17.000000 11.200000
500.000000 42.000000 45.000000 48.000000 14.500000 10.200000
567.000000 43.200000 46.000000 48.700000 16.000000 10.000000
770.000000 44.800000 48.000000 51.200000 15.000000 10.500000
950.000000 48.300000 51.700000 55.100000 16.200000 11.200000
1250.000000 52.000000 56.000000 59.700000 17.900000 11.700000
1600.000000 56.000000 60.000000 64.000000 15.000000 9.600000
1550.000000 56.000000 60.000000 64.000000 15.000000 9.600000
1650.000000 59.000000 63.400000 68.000000 15.900000 11.000000
